t = 13.213
translationAxis: -0.0234375
Current Tag: -1

t = 14.954
translationAxis: -0.0234375
Current Tag: -1

t = 15.554
translationAxis: -0.0234375
Current Tag: -1

